Id,SalePrice
1461,108921.15644803084
1462,160939.6555777352
1463,169025.94775255545
1464,191645.3607239935
1465,178997.423140825
1466,165316.8836651687
1467,181539.7077246766
1468,163499.5227333262
1469,193618.02184531614
1470,117910.24728639293
1471,197665.30870153676
1472,93688.91989135319
1473,101625.48426529986
1474,139264.82661244457
1475,123362.65460231471
1476,384133.51591002423
1477,242691.3880209698
1478,277894.0127813489
1479,265571.40307352605
1480,490193.0031132502
1481,331092.97664616175
1482,212154.67145531724
1483,175906.18681898253
1484,158985.39336335403
1485,184928.64926581745
1486,198728.81666574054
1487,297720.31310127774
1488,216618.60811791342
1489,201138.57502151476
1490,243781.71220763968
1491,196782.44228046827
1492,83706.15984286787
1493,186063.6671894311
1494,271691.19021130167
1495,266203.64286022197
1496,251816.2434293312
1497,179607.3900999795
1498,165193.21335581425
1499,170970.77881987143
1500,154183.70640000037
1501,171942.9985208557
1502,151640.42433638466
1503,277475.10281305946
1504,221481.33059301833
1505,224063.10794000296
1506,199481.7560789438
1507,244936.73985224494
1508,194039.03421371162
1509,165544.36405125578
1510,144688.42077779592
1511,151349.08030827358
1512,165623.76226371064
1513,147988.5631915376
1514,162714.10642586325
1515,216324.34869499414
1516,155172.261369296
1517,165280.83684920004
1518,123894.08579003805
1519,208159.38077346882
1520,138192.0561172435
1521,142207.7566528952
1522,174853.3167888119
1523,116083.50318175807
1524,128285.6176491439
1525,127923.39131175153
1526,118591.52453841023
1527,107967.25958677739
1528,130616.63130991363
1529,147672.9556122915
1530,180904.6672834855
1531,123260.24450006941
1532,90433.29873954493
1533,148378.9185152097
1534,117060.4900239063
1535,143458.27360981214
1536,107313.9343511844
1537,63016.878478523424
1538,158780.68064477906
1539,197562.36169409458
1540,117303.96605122134
1541,135542.5930487453
1542,136746.85090794327
1543,225104.23451175104
1544,90553.7151374962
1545,119425.79027868412
1546,147967.4819688411
1547,142625.56158176923
1548,130875.44434448669
1549,107024.72019895496
1550,130641.50176696245
1551,107168.96757833383
1552,130998.48417723813
1553,135699.0853157546
1554,117915.15847514107
1555,172180.5901095388
1556,82878.38370062016
1557,98491.68473656302
1558,102288.95677524258
1559,100145.50429880546
1560,139151.35241649562
1561,149998.01201667255
1562,125559.2103836599
1563,114356.83374831584
1564,147533.28617141861
1565,144793.53881430844
1566,224739.18883648308
1567,66612.3666830875
1568,204603.33746834256
1569,137302.1721880556
1570,135884.42474613182
1571,114647.15076326295
1572,140035.84799659616
1573,234546.38658494502
1574,115559.63192865539
1575,213993.38815665714
1576,215738.01036075832
1577,186365.6351835024
1578,149389.0403520176
1579,137041.8156777342
1580,190985.48728413746
1581,167033.71375498702
1582,120089.55389275195
1583,295977.0865766272
1584,222480.93744636633
1585,135929.05527976956
1586,72319.12642837602
1587,99068.47827782945
1588,158585.12899487003
1589,76593.36425240926
1590,137881.61671832553
1591,88408.2093929435
1592,118966.2370454041
1593,123404.36164827552
1594,154168.90920153304
1595,103167.41554319921
1596,227771.66344072294
1597,165745.0847570751
1598,200021.06448580927
1599,176207.83071563224
1600,159219.62419975753
1601,64649.03870996561
1602,98117.67375012193
1603,95739.45576088455
1604,277089.7619252655
1605,238668.24479795955
1606,166682.03816867317
1607,168220.5017515581
1608,198439.35238901415
1609,192374.40090259397
1610,158679.35033667742
1611,136307.93362456927
1612,169662.23502254608
1613,166913.96768557053
1614,129518.58836609448
1615,88386.67125760896
1616,80492.10065182729
1617,94284.12760384392
1618,128862.49376912075
1619,149843.73360265643
1620,189817.56201726917
1621,135768.97162671783
1622,146711.30774066408
1623,255770.71532634727
1624,210379.07546770372
1625,122906.54825547413
1626,158747.910817674
1627,179535.56942899735
1628,277498.9682405872
1629,175912.67070696267
1630,362327.0373198304
1631,210905.93069570963
1632,228144.29075014853
1633,161710.62393387462
1634,184174.26818627396
1635,166924.83965195547
1636,151753.0525867798
1637,189934.29801319903
1638,190801.28743791385
1639,190771.1898586304
1640,271146.4172008572
1641,193903.04530678267
1642,233921.10920238215
1643,224680.70560099892
1644,229748.3687762256
1645,200555.65652644556
1646,166066.58029924388
1647,158746.9949627679
1648,127080.95382978034
1649,141039.44242053313
1650,113518.00607867465
1651,117272.88390374044
1652,102552.81070473183
1653,109075.92564674804
1654,136689.89183923326
1655,145323.73785512452
1656,131407.2621961465
1657,136584.65132974563
1658,137079.4391123457
1659,122543.60501321516
1660,140077.78452440616
1661,427321.56479684
1662,410268.2933814358
1663,362544.858246213
1664,389212.42360209674
1665,285343.1790950366
1666,322929.60093502415
1667,364820.56302931544
1668,334788.6798661382
1669,308385.16696564836
1670,332666.2484837779
1671,263738.7279659755
1672,421938.9732341942
1673,318688.0413462299
1674,247702.1689089493
1675,192907.83584818832
1676,195764.3181757594
1677,224503.8246084985
1678,527576.5131970173
1679,410183.48076225724
1680,368990.9091217593
1681,237909.25779404072
1682,305491.84025750303
1683,188319.60614986197
1684,185391.23604604302
1685,166882.68990184803
1686,164083.87337299786
1687,167794.96317897658
1688,190367.76113230552
1689,194470.91385495482
1690,190036.61812809252
1691,171987.77670875646
1692,251306.62562787777
1693,169123.63056944124
1694,173988.40541242133
1695,170773.94156561422
1696,272615.93700582196
1697,173155.90864730263
1698,355705.39916503755
1699,304230.9671594654
1700,240616.23435543332
1701,275644.4618055891
1702,235799.56312970252
1703,228089.90824347222
1704,276206.90439929446
1705,246483.43501180626
1706,449681.3714921688
1707,227050.54621236623
1708,213759.967331442
1709,267873.5960513241
1710,221192.57189523763
1711,258219.58013895107
1712,266119.4044979917
1713,273231.9052939755
1714,228219.84327225364
1715,197058.49846814811
1716,177843.06810619382
1717,173264.1778787862
1718,131402.59873147082
1719,216734.6578289821
1720,246365.5542577444
1721,159630.1855340088
1722,119770.14523945042
1723,161230.08163221457
1724,201000.89028889354
1725,224920.61760434663
1726,179364.51065127872
1727,145809.14840732652
1728,178366.14006946806
1729,165375.99680183144
1730,156701.76428407145
1731,119002.01030838721
1732,121897.03302015821
1733,104334.71569926631
1734,115131.19728117262
1735,127011.39924803277
1736,110233.57372629647
1737,275436.88931742887
1738,227355.8919220658
1739,236946.67322158127
1740,212852.6586891995
1741,186151.97743225985
1742,173988.2849404864
1743,169904.04940113047
1744,262502.8147253586
1745,193127.92487892287
1746,196896.69882879124
1747,207408.58091024685
1748,228496.39133385156
1749,144866.57197957262
1750,132223.39537274785
1751,246970.8736676706
1752,118597.02477625723
1753,147608.40430881493
1754,195757.01504804473
1755,167394.77993058562
1756,122824.60667671659
1757,127188.47239188629
1758,139750.32532637852
1759,157779.23618616667
1760,146897.01330220365
1761,142250.00663550955
1762,176483.57266920185
1763,182123.22843704215
1764,121356.65305557175
1765,170249.8199882861
1766,181048.56935596024
1767,217766.6897350551
1768,140184.24193242934
1769,177587.50700182287
1770,162897.9629637456
1771,118039.00315657486
1772,133359.2484670037
1773,129924.32130605725
1774,131239.21859113645
1775,153432.36463242988
1776,126698.1370729894
1777,122488.98861787138
1778,136335.41336389753
1779,116193.80444871228
1780,171212.18387497508
1781,127174.22768360065
1782,83175.88279255142
1783,121975.31789717106
1784,112532.23444256338
1785,120130.60417354654
1786,129733.80120243637
1787,150001.26422701107
1788,58165.31865271233
1789,94590.81566482311
1790,84748.62720728811
1791,176235.80641760424
1792,162005.84149566272
1793,124474.39767495969
1794,141772.515336972
1795,148058.77810403096
1796,136201.01856023716
1797,105116.03762142146
1798,124206.12740718809
1799,124988.73925212894
1800,127882.85963078438
1801,127359.89953259713
1802,122452.13810442289
1803,152772.8561799959
1804,131538.55097447822
1805,147700.8546922993
1806,118507.3073940203
1807,127798.74820012342
1808,113900.22329223368
1809,112752.78400568632
1810,121866.3730687813
1811,95713.78047527802
1812,88956.1363450628
1813,111568.02678640632
1814,91335.10056919236
1815,58327.82901532201
1816,102942.66215894547
1817,89626.61460356961
1818,164884.76043156948
1819,120584.53025605904
1820,59757.87391379359
1821,114180.24564492278
1822,126807.94543209481
1823,49265.937632686524
1824,131904.9102004282
1825,129779.8617240884
1826,107984.5926791915
1827,96412.59653242107
1828,128327.31688985234
1829,98596.89437083578
1830,137391.35033266587
1831,146314.59010190115
1832,124611.08965953383
1833,137691.99116969775
1834,116285.83697178548
1835,139580.25982695908
1836,135376.11438706226
1837,95244.52093829056
1838,135546.96579941083
1839,116392.50876754867
1840,189537.02020414156
1841,152832.1451735515
1842,101589.82662173618
1843,132843.75958174802
1844,137782.7580332981
1845,140093.2998147159
1846,144411.73368545607
1847,168997.85374244547
1848,65192.83913539235
1849,108302.70139294372
1850,120093.79960061397
1851,161641.56496964046
1852,124827.75440128816
1853,138777.1609280501
1854,178479.53762005892
1855,147388.63209617374
1856,219710.99255554806
1857,168633.6905165151
1858,133695.5600204749
1859,112869.18368480695
1860,136315.28794365784
1861,112056.1557640395
1862,215477.46043676737
1863,209623.51379413847
1864,209658.16500352847
1865,400213.37530120765
1866,344775.57271434483
1867,217377.67942382512
1868,313814.08340891276
1869,212639.55540914444
1870,222160.3685472439
1871,257041.12555093548
1872,165163.6050013765
1873,228050.78505384875
1874,152820.6992305442
1875,207586.58950915423
1876,193008.27387112405
1877,221423.73021300163
1878,183019.85706995564
1879,133983.2244356497
1880,139802.88575903722
1881,233608.96741310327
1882,258547.92061238887
1883,189571.80669283902
1884,205545.8341693115
1885,254881.6836440081
1886,321168.220984924
1887,208036.71427394843
1888,265599.94585813925
1889,171239.99132915438
1890,117070.12818894176
1891,134287.99484196302
1892,93627.25914849072
1893,131087.2080445363
1894,133069.76200851734
1895,134543.90877360996
1896,132314.00851268845
1897,123789.62947996122
1898,116637.94714998594
1899,155670.88351465037
1900,142696.7237047673
1901,164756.35933980573
1902,132741.21158536238
1903,215418.8699612692
1904,131331.42393231695
1905,195551.83798527456
1906,164809.0001542286
1907,197207.7499221609
1908,105058.44615466255
1909,137514.21067760754
1910,118376.55676202077
1911,199621.54873379003
1912,299817.275852859
1913,156776.17705043766
1914,72021.48662188168
1915,349128.1441929814
1916,95434.09996466318
1917,239702.5206846372
1918,142703.73282660622
1919,177181.31831912376
1920,153480.12357476738
1921,422655.8526305674
1922,305240.2537828522
1923,221491.78288680615
1924,207696.97319693124
1925,200611.2357261283
1926,409362.41029412544
1927,135450.4573812069
1928,154910.91681161727
1929,122717.75107562628
1930,139429.866790515
1931,130668.6662576528
1932,137596.4399373533
1933,171762.24738118448
1934,184766.17983792606
1935,166838.764816946
1936,193113.15064166405
1937,181429.001729823
1938,166353.14578074345
1939,229980.79112846774
1940,173470.98983603987
1941,160014.33059968805
1942,193012.0868414017
1943,196771.5411359458
1944,347159.27716903365
1945,382758.71452829306
1946,159715.37937877496
1947,317471.1465137176
1948,198998.79357788092
1949,252701.52009973524
1950,193609.881481795
1951,259274.59213927478
1952,209997.74048253306
1953,167789.19343719378
1954,194692.4859887171
1955,132902.56053977975
1956,301728.9667481884
1957,152286.09791215204
1958,290133.12628479826
1959,131550.73603098287
1960,120075.20645436931
1961,131216.7725946804
1962,93475.71863175061
1963,103656.24075476575
1964,106200.59537395799
1965,142181.50490598023
1966,133693.15888569827
1967,315785.1990742886
1968,395877.78438882006
1969,401458.2309913063
1970,478197.1383442861
1971,461062.4055650391
1972,370873.8290015768
1973,259384.90853157657
1974,311298.6261414956
1975,451096.10399288643
1976,262968.8370390357
1977,385535.4469194751
1978,382312.4470773114
1979,323770.0871483715
1980,196622.08691264238
1981,367534.2298656227
1982,232404.7894014002
1983,209141.01236308707
1984,159608.771135172
1985,218325.71517442272
1986,200054.4236798112
1987,199152.94076021021
1988,167843.83011275477
1989,192999.25195928817
1990,208821.45034689896
1991,248909.5040357467
1992,210208.32458066882
1993,172057.9510355334
1994,243783.50794629264
1995,180738.51167464955
1996,261001.341864684
1997,296651.36409441964
1998,312689.65601016657
1999,256291.102730741
2000,319636.6865117232
2001,232324.49302938292
2002,236233.4563374702
2003,250464.91669898792
2004,272088.71682114934
2005,224057.1906321218
2006,235653.4073394459
2007,249596.1901667214
2008,233828.79465277228
2009,194884.5697790908
2010,195571.7298318735
2011,132818.89557046082
2012,174056.2272044779
2013,167326.15864453232
2014,177858.58504809273
2015,195545.47141671318
2016,184820.78812254194
2017,190413.4417446897
2018,118957.51817750005
2019,123204.68824404581
2020,101455.44160281765
2021,102282.30266523687
2022,176540.7873952251
2023,145227.32495170055
2024,259918.09026330782
2025,380075.2907515807
2026,179915.1773707586
2027,162221.5242302384
2028,148468.07001402834
2029,158532.86100975805
2030,280476.2355485227
2031,233605.14243311094
2032,256335.7264308528
2033,257825.5693948885
2034,158198.952076984
2035,217782.71709295883
2036,183228.29859847
2037,186658.86280157827
2038,287932.91956820595
2039,229998.0247318363
2040,276012.1830988801
2041,248990.5917925912
2042,210747.34740320966
2043,176229.71756948775
2044,166015.7105174449
2045,206591.21785177727
2046,142846.2785910203
2047,140712.23513650463
2048,130385.79968323892
2049,140771.39319976707
2050,183779.5681719289
2051,103592.78688858195
2052,111907.81131338478
2053,143814.7043437166
2054,102157.8386491324
2055,157005.2288275955
2056,148948.21688175434
2057,109464.8613674276
2058,214584.7166797959
2059,132876.83192715154
2060,172473.28601956042
2061,165992.8741689431
2062,137786.9507098347
2063,129500.05715444859
2064,138972.19056576744
2065,115811.70132282007
2066,156414.81426186074
2067,125627.69634452375
2068,135831.56757332862
2069,84086.98360973508
2070,110160.27291425681
2071,90911.59849296375
2072,105270.3105365242
2073,132562.19671867293
2074,173743.3658584873
2075,143160.23551041316
2076,116232.89309223485
2077,148476.25380992796
2078,125907.74390575496
2079,129651.09609518724
2080,129941.1981794886
2081,137839.10280864435
2082,132105.17022366388
2083,143641.76024812146
2084,119509.3634315855
2085,115150.5901652021
2086,119490.14030216822
2087,108031.94570549265
2088,88619.55042472876
2089,82008.25985163273
2090,120185.34073405775
2091,96936.11574074943
2092,119054.35437196883
2093,108518.83209251218
2094,102288.76915959558
2095,135956.57073250963
2096,78369.33512049927
2097,101403.15227887318
2098,138838.51689759706
2099,52560.55370698339
2100,105639.26898570072
2101,103546.25118597131
2102,121092.42976917466
2103,96608.74785363591
2104,130400.9357308058
2105,130841.35163003096
2106,76443.50233078664
2107,219564.42209967505
2108,115406.99772108092
2109,104780.02200794852
2110,130248.41224942624
2111,150903.75622347428
2112,137245.97284597374
2113,107007.92316564718
2114,126943.59849704467
2115,161826.1441354124
2116,118524.66488673382
2117,145973.6200835074
2118,125947.38952778305
2119,123208.75071725364
2120,123150.07908284891
2121,100105.28073312985
2122,114706.87413926588
2123,92957.78980938526
2124,158371.38058249938
2125,111585.85169748461
2126,139666.60969711948
2127,148477.3305787377
2128,138470.0248261019
2129,93886.08241037719
2130,139361.53339077186
2131,143827.6466889839
2132,107991.08666328246
2133,124258.94050155979
2134,131401.09170607387
2135,97869.55278245291
2136,74283.36017255521
2137,97979.76107031938
2138,128956.65554378151
2139,148268.98672482625
2140,136022.56494858404
2141,152920.31122197307
2142,123249.57549638598
2143,144629.95745993443
2144,97809.41692550042
2145,127574.82536996405
2146,167169.8673120278
2147,140884.27419551063
2148,129797.04240953231
2149,138464.32431014933
2150,226150.36873617725
2151,106928.20333768724
2152,176003.24885811884
2153,146709.0959137993
2154,93082.08265008256
2155,141196.63787403813
2156,273925.2167026294
2157,221449.4125141264
2158,236108.7055797007
2159,208240.0489378036
2160,175715.44175548924
2161,243535.44089433804
2162,383348.0365136172
2163,360821.33127618494
2164,236419.3426133546
2165,207842.62921386544
2166,146932.9916870345
2167,218928.39284221458
2168,188944.24127389886
2169,187505.48186100443
2170,210898.1267598545
2171,154460.84739983606
2172,125342.1942146744
2173,176727.30043663114
2174,233407.3388453466
2175,276995.0145052852
2176,314244.79631801526
2177,255464.37945516958
2178,204804.28465074534
2179,135410.1287475558
2180,216333.67224628877
2181,193105.63269622222
2182,210553.6116784842
2183,187705.94084946666
2184,107183.09609521618
2185,128450.10662401731
2186,146221.08954928894
2187,154609.901219339
2188,149265.86094034035
2189,239105.63236833795
2190,74191.98992360217
2191,71008.40749989123
2192,80786.95969169594
2193,97508.96696492656
2194,112059.98536305704
2195,102597.67173077428
2196,98811.91797252647
2197,109393.86827317686
2198,181981.5676606793
2199,188449.49453623593
2200,135629.31181228088
2201,135283.19120302502
2202,200278.12307128398
2203,128858.14318355297
2204,161820.45988662957
2205,100092.57283490335
2206,113714.3868823883
2207,194781.98488662674
2208,268915.6740489072
2209,197997.94640565568
2210,112307.09384853751
2211,122121.08727818275
2212,123073.23653787411
2213,111754.95753017755
2214,126887.32618613837
2215,99635.39775059393
2216,160596.17208926604
2217,75835.76569251866
2218,94479.78501718515
2219,75539.16054328208
2220,85926.78583903785
2221,346070.04203832604
2222,282605.59829724283
2223,255896.5009663062
2224,197475.63250155863
2225,126142.34296242188
2226,183643.15728398462
2227,199394.97723202582
2228,278610.63636308047
2229,236007.65834499913
2230,157378.12427384395
2231,190662.00747273586
2232,183262.63080008922
2233,168852.85671713858
2234,241671.6227422354
2235,224436.88673722206
2236,263990.9780137374
2237,311067.92518899
2238,195422.63050841636
2239,105875.13457643213
2240,159324.81537363015
2241,145938.27212130747
2242,111460.71542677187
2243,129847.51232173796
2244,98659.09542189579
2245,104510.66571259715
2246,151603.07618649243
2247,121796.14963474737
2248,120266.09702523601
2249,121836.31268504905
2250,139044.3904183383
2251,193127.29556775058
2252,195902.62996006993
2253,148263.75669344258
2254,171501.5832081871
2255,179753.38485551474
2256,180347.51879063365
2257,203309.84303808073
2258,164092.80095615995
2259,173911.64317517763
2260,138300.17949731243
2261,182514.44291631476
2262,197955.10236770273
2263,346670.41093932075
2264,253407.42740104938
2265,200055.53885425415
2266,308607.7297735059
2267,351519.547494848
2268,405902.98932794196
2269,146595.660361873
2270,202112.27286569652
2271,227917.96701645173
2272,186233.51727315152
2273,168009.05318310388
2274,194419.08617710444
2275,155961.37350232992
2276,189748.5881546465
2277,187301.3608469091
2278,149957.96865746667
2279,141214.09465023055
2280,136514.42317353605
2281,174340.28850398085
2282,192071.63348644009
2283,106152.91720796819
2284,119545.6121052763
2285,137486.22650036984
2286,128593.7041456775
2287,407073.49155086046
2288,250716.60377699422
2289,402218.9735026959
2290,494519.7046973195
2291,354434.1131040658
2292,414039.42510933796
2293,552852.7922167544
2294,391051.1883717589
2295,396926.782637289
2296,259020.4783330772
2297,329147.2422665943
2298,327354.1223458599
2299,354989.61510406685
2300,342919.2030074321
2301,300694.12901022786
2302,235264.8050872389
2303,237352.20851155306
2304,224273.0477583369
2305,192618.56503730206
2306,179499.08128176935
2307,193174.6531529567
2308,212079.26419430162
2309,292126.16133811505
2310,228490.016143283
2311,197979.68883401924
2312,181181.04776511557
2313,173750.30302489534
2314,181289.24045316485
2315,173463.2528726297
2316,183197.77743228222
2317,183397.4949593631
2318,174890.20087047678
2319,189701.52784829854
2320,193710.59874458585
2321,237436.6689063015
2322,192121.61411844194
2323,209459.58583314487
2324,171497.8625725385
2325,205898.59560751807
2326,167034.8171027692
2327,206768.3598566176
2328,210296.35429005534
2329,180603.80783465906
2330,185040.5460126012
2331,354716.68618011894
2332,423145.81897096796
2333,319712.5426176592
2334,260337.37596633585
2335,272015.8828779477
2336,282668.3869825877
2337,190125.03550336912
2338,259398.90163685015
2339,224297.01219270707
2340,406653.3157855158
2341,190540.4060327673
2342,229824.3095491017
2343,218897.33272340382
2344,209597.8685044051
2345,217988.46722084517
2346,215358.41995654503
2347,201799.4343695049
2348,240390.30870947207
2349,174130.8103627602
2350,288751.56059416773
2351,237081.03261938272
2352,235852.54701096672
2353,237687.1850803386
2354,137498.4191577337
2355,142082.34927329514
2356,148270.93319469047
2357,193714.09293642084
2358,192722.73517881086
2359,137911.70738836983
2360,112037.30631057253
2361,143273.05898574003
2362,277992.6677806636
2363,141213.5055526145
2364,162937.0450812123
2365,228393.5160640833
2366,198938.4762576847
2367,224584.2812059686
2368,220080.12531424977
2369,216647.6662231706
2370,160618.02620317196
2371,159120.21110740135
2372,183854.04830571671
2373,268915.2655528641
2374,295449.7496632507
2375,255234.66470505152
2376,301924.24938197597
2377,325634.2912760212
2378,150167.06851956496
2379,216999.57057817138
2380,145762.99819280388
2381,164611.06422821782
2382,212528.78749262262
2383,211129.07413110105
2384,267032.9435151795
2385,165953.60094416508
2386,143702.81217386582
2387,141687.99591547463
2388,96820.29053059418
2389,116758.62533340584
2390,143855.29387461115
2391,141045.87961522336
2392,123877.4840943611
2393,165144.41820031003
2394,142000.45034679628
2395,194314.8385817898
2396,150745.43390147056
2397,205086.65517950652
2398,119242.42853264237
2399,53998.90550153443
2400,70841.33445584896
2401,116726.88632003417
2402,137661.8534643945
2403,131354.50658360473
2404,140191.61141811896
2405,156606.830052395
2406,148348.07483476633
2407,126382.15667545718
2408,146776.03767475806
2409,132577.98214344238
2410,187455.81185254757
2411,113967.81880864383
2412,157383.19891444707
2413,138534.56614566562
2414,152066.75007730088
2415,126059.89872307569
2416,125751.82658500856
2417,143626.82634753585
2418,135127.77898068243
2419,143433.63486391882
2420,130935.83488479772
2421,145570.47532474363
2422,101880.50107949346
2423,117787.87732844405
2424,145978.0458884215
2425,205444.15257065574
2426,145583.57247546228
2427,131048.10812370625
2428,158136.43373714786
2429,122723.67998534135
2430,138538.88481924572
2431,106135.41556768192
2432,128750.42124092983
2433,142826.83726805568
2434,136163.85507411847
2435,152479.25115177917
2436,116805.10953838508
2437,107527.32612991611
2438,127614.3520167218
2439,106387.69590438565
2440,123624.17244176574
2441,84260.91371246058
2442,102191.2155493768
2443,136666.32645643238
2444,121035.57863356956
2445,92543.12389620341
2446,133816.8609415308
2447,190189.06485540996
2448,129372.68077606842
2449,113595.01057896443
2450,137141.68262031555
2451,119734.32435780286
2452,204080.56031649892
2453,93296.97718486283
2454,131820.01755646613
2455,124809.3285943044
2456,137709.84483016064
2457,123822.15163971283
2458,141311.33065791414
2459,112211.36483396556
2460,134931.70291515064
2461,126395.67945032346
2462,133656.86696816067
2463,119251.79639365661
2464,186102.82447738535
2465,132412.32646263146
2466,119921.7262793403
2467,131439.82489580257
2468,83573.76946854441
2469,76517.05340317728
2470,202741.39508955702
2471,218519.8537594544
2472,170752.2389771848
2473,127074.20985923098
2474,88221.68780559447
2475,233378.43904321812
2476,109848.1663899641
2477,119475.56135005255
2478,143921.40839442387
2479,99867.31173986293
2480,154415.56459336833
2481,129144.96216824303
2482,115851.76103398754
2483,120256.25992325511
2484,117106.14015474002
2485,124640.18285527019
2486,142249.40254560573
2487,170696.4061792594
2488,167513.14523834072
2489,141246.3606258144
2490,150234.6947207512
2491,102383.28267814367
2492,184123.95042674712
2493,144368.7579899272
2494,132161.94800626434
2495,87678.05862949131
2496,229817.4913813842
2497,152660.0196673682
2498,113406.52377521324
2499,92426.37225171675
2500,125381.90787918659
2501,135072.5172857339
2502,134475.95982505358
2503,96959.40861624699
2504,147550.67899218618
2505,214371.95367613755
2506,273102.71700771083
2507,288057.824465172
2508,268371.6591907095
2509,207366.08727988388
2510,219616.98176614894
2511,177617.1149467538
2512,215866.46162474554
2513,202018.45922455177
2514,243029.14311326618
2515,151383.21711102428
2516,168057.79144715762
2517,148578.71821538467
2518,164186.84595286817
2519,236740.5801436114
2520,211262.24050412854
2521,182917.87169726385
2522,221727.96006627425
2523,119391.19562543239
2524,126711.72046556645
2525,144671.6438955164
2526,130648.07290064565
2527,138851.35044477924
2528,132450.43438378765
2529,127975.31405566008
2530,118106.67780700114
2531,261070.73404567817
2532,225179.94007253696
2533,198396.428475962
2534,251561.20466978804
2535,313958.3550709109
2536,225582.15018423725
2537,248828.0724570201
2538,176126.006104253
2539,194525.84122377977
2540,183972.5246770388
2541,183273.40527127587
2542,153467.7132150934
2543,129635.7373301992
2544,111326.2644851355
2545,127921.7592517711
2546,128932.54453705497
2547,135892.44341519594
2548,148969.36612701713
2549,161619.2166961238
2550,236259.28971668868
2551,138280.47501050626
2552,127468.59939784085
2553,74954.57171155387
2554,92717.2077787711
2555,135085.51878330534
2556,94556.29937514233
2557,98690.04544834318
2558,178569.3286049422
2559,127236.50086038712
2560,143635.4738854703
2561,140519.08656521226
2562,140085.78154677674
2563,140633.63695982486
2564,176931.45398428006
2565,124570.60554555758
2566,141459.2704794851
2567,111918.98490128301
2568,180208.11942700585
2569,205091.1124060343
2570,108626.49422716838
2571,168687.39362897916
2572,157551.46970285845
2573,194848.88442615385
2574,270216.9193040714
2575,125644.50402360239
2576,110638.14687433896
2577,132817.86045576684
2578,90318.50317506294
2579,79387.12489343033
2580,102056.51140986549
2581,108726.97515366857
2582,127873.02127437067
2583,302149.8311981235
2584,181565.37615615828
2585,176332.1205929745
2586,222467.50668535903
2587,200855.42280949812
2588,154340.37856081568
2589,147843.0862234861
2590,213929.2514553326
2591,221469.6953047516
2592,227468.72864841716
2593,243791.92397753926
2594,185317.0249538993
2595,198321.9962453349
2596,310712.7971609334
2597,184113.70324875243
2598,284381.17666721577
2599,331210.7764670492
2600,190102.40626295516
2601,159245.96843061235
2602,83068.54190960302
2603,91216.2185814418
2604,90179.81522647479
2605,87713.53850195525
2606,135323.47392281945
2607,200840.2690516816
2608,212154.94965185906
2609,156749.91527894957
2610,101166.01667422889
2611,132482.78113992172
2612,154613.80220611923
2613,149173.61931152007
2614,133047.46047848903
2615,160741.40436955544
2616,152120.12482249527
2617,178355.14935588904
2618,196952.38373284333
2619,212977.50318434412
2620,179331.499459863
2621,173910.62254545526
2622,179282.28854968675
2623,234687.51208923725
2624,304118.65020572423
2625,296197.11306010874
2626,163532.16185459506
2627,160318.2328253092
2628,452184.3624228795
2629,512437.285495717
2630,350185.11714315304
2631,495501.9110069168
2632,460008.4102826289
2633,322809.1581363686
2634,359815.79317594564
2635,163028.55723550502
2636,177479.3391717698
2637,184157.8663168203
2638,260878.44079404342
2639,189495.1542807572
2640,155053.9387038091
2641,112888.95116933026
2642,199424.7869221514
2643,102217.32898350565
2644,123776.20538998488
2645,112999.44569561821
2646,97312.76468558343
2647,108307.07286678221
2648,142010.99988229325
2649,162291.38310920165
2650,153551.67054944666
2651,136994.54489094974
2652,420939.4372674619
2653,220553.58881663208
2654,241139.68533154094
2655,359534.71640040254
2656,315701.3179646562
2657,353412.09877636295
2658,308515.52058441384
2659,311183.67836580204
2660,354185.5430730316
2661,359234.8397764762
2662,354916.7775843668
2663,272370.1895811701
2664,268180.48336848785
2665,347170.23139222164
2666,298705.64049149695
2667,173098.8293904175
2668,182705.53107220298
2669,182919.31575586775
2670,265222.6466439266
2671,178916.1720862718
2672,198005.158980849
2673,201516.2113011349
2674,198894.211443019
2675,188085.1071187324
2676,183735.00916268988
2677,195972.5673825656
2678,260571.7990714674
2679,254248.48142002072
2680,271768.5650708414
2681,383301.8974997318
2682,306521.9011917518
2683,320542.1354801597
2684,300166.87074275326
2685,330120.7763282666
2686,255108.44001627585
2687,283136.8073650281
2688,222806.48417901184
2689,206060.81165701782
2690,377431.8946570528
2691,183072.92383897075
2692,133277.12957494782
2693,202695.96612295214
2694,133687.06733585012
2695,191516.02457632282
2696,178211.18865793565
2697,180087.47493540274
2698,186211.63358035055
2699,172352.26643538865
2700,144348.89643259693
2701,146941.65217981825
2702,109071.15420770796
2703,126390.75939452396
2704,129120.73443371881
2705,120803.64652872382
2706,114685.89407320399
2707,119149.56702448097
2708,138294.33257060536
2709,102635.10435410753
2710,128743.70639872304
2711,231691.80020021176
2712,386584.9995763657
2713,174117.55806792298
2714,155815.8091331602
2715,163847.12939080695
2716,147499.1811305782
2717,180990.10731548883
2718,217708.46526586622
2719,160629.72722274583
2720,172489.82573418526
2721,139916.62442446814
2722,147291.34947486565
2723,143913.5531378643
2724,133746.2028879134
2725,131038.29610199566
2726,156700.69216059617
2727,167046.12816200958
2728,176122.6804262811
2729,158020.34794584548
2730,147802.42484184477
2731,143761.4597596313
2732,135702.34197632212
2733,152482.2449103763
2734,143656.60329728617
2735,145647.8897872416
2736,150029.8041119722
2737,125476.40626481625
2738,127385.81589023095
2739,169763.4314402182
2740,149086.6229188258
2741,139852.1364383921
2742,155696.52840706645
2743,149447.61038631466
2744,153074.48779644593
2745,140568.20659289748
2746,142093.32863304767
2747,155881.81899768376
2748,137704.80589881656
2749,131683.7886876736
2750,141849.57329466703
2751,146783.00024865096
2752,179286.39619228552
2753,133395.8219361529
2754,224472.2923316709
2755,139964.41464553127
2756,103665.26674715665
2757,69942.7940655611
2758,121257.88127122773
2759,158513.86970363653
2760,116590.6044665785
2761,150007.63182662663
2762,156904.68528874335
2763,177214.79824437556
2764,143051.823454729
2765,268594.05497671786
2766,136171.191659745
2767,88519.44086708018
2768,121580.45153015357
2769,127679.22290284306
2770,137665.88047837655
2771,109033.52476690501
2772,116263.56379144105
2773,160020.9662419941
2774,142899.78562983125
2775,120413.81434468633
2776,126437.76180792971
2777,134398.52605298677
2778,115655.57880966333
2779,120270.63969296146
2780,101237.8679896034
2781,98629.05475161938
2782,100417.63941290617
2783,94160.60726788513
2784,103264.76020894178
2785,125348.39686507573
2786,75320.52930924704
2787,119810.05586139734
2788,66774.26665334776
2789,146279.09090016916
2790,94634.12936946146
2791,114938.72215708374
2792,59566.04584712782
2793,184863.94398659508
2794,99725.3478655322
2795,125099.67407869794
2796,98413.88948568146
2797,196592.64643830823
2798,98311.33896908585
2799,121482.61953366814
2800,57806.169253214226
2801,106663.2093933318
2802,125746.16604778709
2803,146517.4244850802
2804,138374.307966408
2805,109720.8894872186
2806,80734.91822343123
2807,176795.39383454015
2808,144752.329488868
2809,133509.4973567128
2810,131606.77455310736
2811,152348.08477657012
2812,153166.41059250454
2813,156155.10944089317
2814,146926.14522870464
2815,105097.44976339742
2816,221919.6799428438
2817,161671.11011194196
2818,129485.22620411441
2819,155930.19763408304
2820,138609.78259998298
2821,115234.01625738046
2822,194698.5311033595
2823,282838.88550306624
2824,178154.95993804734
2825,138062.6327238137
2826,138048.37162190865
2827,136367.5385864447
2828,219489.66749539215
2829,201875.7752538817
2830,212484.6618658568
2831,174624.0716869856
2832,259575.36534933205
2833,314350.74059324584
2834,222840.7549535426
2835,232209.70230018004
2836,181872.0665427792
2837,150567.90852370163
2838,150591.04192174654
2839,170464.2224386777
2840,199503.63925565273
2841,193980.53993771353
2842,216611.4653441732
2843,155523.00581480542
2844,168146.88688356467
2845,123304.93367661952
2846,199125.35168795323
2847,195276.0216201265
2848,221328.25943659624
2849,196706.28357779488
2850,270741.64138991537
2851,228166.07593130873
2852,216279.89074171
2853,217416.89138805363
2854,137003.62359030725
2855,203537.0195575061
2856,187673.2334588452
2857,184894.0688852987
2858,213910.25796701913
2859,117224.2724755088
2860,141316.29421001172
2861,121620.5467164747
2862,188060.47651042105
2863,121629.47467053366
2864,245755.6504611705
2865,143886.24577350356
2866,140467.70805302804
2867,110450.63210704474
2868,101156.87897192134
2869,109081.12915553812
2870,119989.8928826076
2871,80379.95650715561
2872,63444.138029715934
2873,109304.41099086952
2874,141643.75838442033
2875,108808.5380705049
2876,169850.7249126266
2877,150625.26630988382
2878,170131.8673059682
2879,135569.3093683486
2880,106192.44179088126
2881,139926.27798224214
2882,171939.9188155233
2883,196723.06853780072
2884,200064.81208328577
2885,190742.57426580778
2886,255030.71775982511
2887,93666.68592960766
2888,134195.55459383913
2889,51268.5000409894
2890,82879.71558597278
2891,140939.70888802162
2892,57900.96790361266
2893,92445.73206778258
2894,59816.87783245741
2895,329783.95157307794
2896,280037.6325417459
2897,193324.9328342801
2898,144641.4036503629
2899,205691.38581958826
2900,160129.79098428303
2901,212117.96574426832
2902,193217.60545998043
2903,346761.0049432258
2904,378160.1487537706
2905,142702.2850134904
2906,196080.80148343963
2907,113695.8687341368
2908,138741.83229152235
2909,139403.17064041598
2910,80175.95575766807
2911,87989.40025277044
2912,144232.36119642234
2913,86389.80845549413
2914,78904.85100328489
2915,88822.24643694484
2916,87944.81644632103
2917,163816.87836538488
2918,107102.41355399726
2919,219506.3334436679
