Id,SalePrice
1461,106765.56283510898
1462,158707.6067637908
1463,176772.59119639377
1464,192986.69086045303
1465,177584.80846175124
1466,169490.86093152862
1467,182771.1577761859
1468,161369.60335034382
1469,187138.07865330382
1470,118306.18781582144
1471,182580.39135871138
1472,103999.52532380105
1473,98250.57876297167
1474,138158.3068390217
1475,118166.50833341762
1476,365851.1501773943
1477,247315.19719129664
1478,271208.3359108262
1479,271355.08141343493
1480,543573.4387596765
1481,335338.0190725352
1482,206825.67655999667
1483,176927.72086392713
1484,166559.73197944523
1485,179836.23583947853
1486,195688.57799936773
1487,309141.7740788013
1488,233637.92380876478
1489,194587.4959101939
1490,224795.9278478168
1491,191690.7011934514
1492,86896.98189175733
1493,180344.85638206685
1494,273357.96479553526
1495,274408.00833318953
1496,234130.85569758428
1497,186073.0314670451
1498,174351.47098523614
1499,160755.40537695322
1500,151202.9629276938
1501,184236.73227057833
1502,154422.12146018908
1503,263863.51965557545
1504,243792.42767626102
1505,224429.64469220664
1506,201999.47973816123
1507,263040.8621620799
1508,192883.05402193137
1509,159678.03814362688
1510,145163.1352633598
1511,157363.75896041654
1512,172042.26995302216
1513,152231.46528361907
1514,166946.2237808785
1515,199723.31684173323
1516,144212.46626144828
1517,180345.13581528477
1518,131750.4762014607
1519,220017.1690422616
1520,134009.08979197487
1521,135335.72106726805
1522,163830.4118780159
1523,117105.12090936775
1524,125284.63990205007
1525,120009.58284049966
1526,111511.51377887776
1527,110095.20377750618
1528,145611.84376767004
1529,150513.096827792
1530,184812.11211387554
1531,107703.84432114352
1532,93735.64270998398
1533,154874.79127313968
1534,128177.53589213324
1535,146664.4764644897
1536,106466.74978615
1537,57001.63684038147
1538,152248.98897420618
1539,200976.65737560322
1540,94211.29366891034
1541,134870.4584242055
1542,145439.66291451573
1543,192473.53751921738
1544,86810.24366572028
1545,118083.38107145019
1546,122568.29494620702
1547,116790.16645351355
1548,142134.14526103597
1549,123112.88266505374
1550,126596.45826853743
1551,116386.06254433093
1552,124362.03989524656
1553,132987.71464603345
1554,129141.00739784754
1555,157847.39886990841
1556,81665.91953710301
1557,109062.3891148383
1558,112456.53620316835
1559,65575.61158181056
1560,116268.31179161031
1561,127747.41783934619
1562,133052.96214695243
1563,126800.15345021711
1564,159494.05396363095
1565,139789.01502901112
1566,238817.565177832
1567,82619.90209369778
1568,238674.58036452625
1569,120503.17176825914
1570,133093.85011353923
1571,115757.1345771887
1572,151161.31893684485
1573,227755.63600803376
1574,121602.88672638258
1575,221027.35775906072
1576,227266.95458495515
1577,179169.21335731223
1578,147942.97133897807
1579,142850.18616418386
1580,195780.34333179917
1581,158946.34665280438
1582,124909.15320415529
1583,298996.48738517886
1584,223431.8675269106
1585,139802.25011886374
1586,78448.42001980437
1587,108150.87024092818
1588,162362.30317864552
1589,87460.49376561193
1590,140447.66508645876
1591,94667.66516278252
1592,113197.03501458859
1593,117759.46489085765
1594,126056.64524385527
1595,108722.5037316752
1596,250138.66879418254
1597,198581.97201455713
1598,218875.41774514067
1599,172700.8466210815
1600,158794.75101206865
1601,70982.26967369755
1602,110581.7072779617
1603,69213.75008691754
1604,273601.51387690037
1605,231511.2166198788
1606,162112.74812585983
1607,192247.46323475376
1608,202469.4485303655
1609,184698.19906649305
1610,151524.12285686572
1611,132283.95496219338
1612,164485.7588233706
1613,157867.27121417914
1614,118196.62198978274
1615,88517.25341443426
1616,80462.27470618575
1617,95121.12023879806
1618,136461.88153876644
1619,135912.25053370759
1620,153621.32705276602
1621,127577.5996815307
1622,144803.5345791027
1623,250117.11524073844
1624,207756.58454057935
1625,127152.84258930766
1626,168936.38920173302
1627,196060.155014579
1628,281799.38993417367
1629,173616.34773204997
1630,378275.8333755497
1631,217909.5843904102
1632,234705.59437402536
1633,171572.648854985
1634,188930.65513716248
1635,168174.52867017087
1636,145831.11770506852
1637,190839.22509533208
1638,177787.56041968937
1639,185015.24482285377
1640,276352.20918563404
1641,184809.63674209575
1642,229703.63762107625
1643,215009.45488650657
1644,236616.9935119326
1645,190950.16348798008
1646,156207.24198707604
1647,158918.88525044548
1648,129181.89247824883
1649,146948.89342115688
1650,113239.03316507342
1651,117651.01951949921
1652,105730.19983265387
1653,105067.29872643163
1654,145986.12215036328
1655,130683.24602844717
1656,136903.05594022022
1657,149743.3592936186
1658,150424.8508364583
1659,133220.4587793186
1660,149929.4980298455
1661,451341.7041359276
1662,418834.494593057
1663,370600.7607512965
1664,587264.5430071616
1665,291672.68337988923
1666,326176.3611236146
1667,384628.32102451863
1668,326765.13918013766
1669,286530.0571391132
1670,338419.26769039687
1671,279787.6231702577
1672,459842.64421110315
1673,289906.34992046194
1674,233880.11031736326
1675,196266.171866088
1676,183011.00392802918
1677,219072.58006146003
1678,523063.8257556758
1679,397051.0110096015
1680,341325.7545847004
1681,241128.99777984436
1682,315404.8036058683
1683,192243.98623779172
1684,168956.46939941472
1685,167595.81603998295
1686,169638.6356557505
1687,166561.76032020696
1688,190486.29657404454
1689,188658.4792619739
1690,194873.94973416353
1691,183962.6722375954
1692,252896.1404448209
1693,161017.12224586486
1694,181314.39259601966
1695,163660.57524427774
1696,276284.9750497636
1697,170601.95936499277
1698,339998.0884190729
1699,317696.85276333085
1700,246680.77175742088
1701,267349.1891417024
1702,243903.46607844462
1703,236436.67052344832
1704,285074.79014344636
1705,248220.5697833518
1706,486929.5326386637
1707,219206.95287009657
1708,198297.69689088408
1709,244521.09103742792
1710,214226.46171665046
1711,255849.5899007142
1712,266543.0445097744
1713,256174.12579576648
1714,233174.12028147565
1715,205378.06245543435
1716,183046.4219513719
1717,174408.40699753896
1718,138226.6295470369
1719,217484.34336951782
1720,240356.18158736321
1721,152946.47587632388
1722,117115.12929765775
1723,144290.6466583259
1724,202450.711618718
1725,240733.58797122433
1726,176558.0715799
1727,151796.00303984658
1728,170099.90476914696
1729,166500.37634280545
1730,157874.17548100033
1731,122764.56139780366
1732,129290.91288787729
1733,119051.60297940683
1734,126125.40275835013
1735,123637.44737394826
1736,116525.82731695725
1737,302672.2562979327
1738,240454.42218136176
1739,249641.57339438796
1740,224007.41557150683
1741,188737.18982072058
1742,176922.74459572363
1743,179546.84267114397
1744,345261.92109754024
1745,214002.02145592967
1746,209097.26461430005
1747,205032.4099046683
1748,221444.13149000407
1749,139629.42933503626
1750,132301.7012832643
1751,237896.02423780083
1752,120000.92293357971
1753,152867.6131798357
1754,197046.28398112804
1755,160714.28722971358
1756,121396.3233388594
1757,127521.35327061014
1758,132982.65766230007
1759,149927.90811024845
1760,155689.81872208312
1761,134902.09815151014
1762,176538.05088136348
1763,185522.2542233258
1764,119643.1108938787
1765,178443.50602243154
1766,184719.51510154552
1767,208333.80704158396
1768,150320.26590653436
1769,164801.8651720317
1770,162251.58628351468
1771,121732.25987560459
1772,131908.1839146724
1773,124022.48946013083
1774,148252.3122385537
1775,153090.44426567026
1776,118115.80644110533
1777,114200.52645344277
1778,148319.1026766965
1779,120984.8278943415
1780,167522.34880748874
1781,127972.36871748867
1782,93164.52333619793
1783,137105.60819080955
1784,114805.81718594913
1785,119348.04665693677
1786,126291.53262740886
1787,161342.42934982316
1788,65960.22422396194
1789,98136.08451198564
1790,84554.98108360342
1791,189225.15474929343
1792,150808.40131526743
1793,126057.43248470129
1794,154614.70520316166
1795,142909.26479419364
1796,129817.7007456144
1797,103543.45463914021
1798,123032.49630643206
1799,119468.66118863881
1800,131008.81987868928
1801,130405.22017860503
1802,129131.94459592547
1803,155593.08462051622
1804,138541.24375618648
1805,143374.1093765463
1806,130065.52292682565
1807,126251.96641135581
1808,111475.36682403622
1809,123919.6642116702
1810,126944.79976370154
1811,90295.54485234397
1812,99445.18411552606
1813,122742.76126681117
1814,101280.54937082685
1815,60539.89560623247
1816,101927.29527024366
1817,103392.90597037892
1818,142744.933618997
1819,132144.04518453768
1820,57900.27176148085
1821,118789.98735830153
1822,135663.84107321114
1823,44849.190207362306
1824,126532.79769230963
1825,146111.05482020788
1826,108900.9891607271
1827,106321.55368133649
1828,131425.7114912951
1829,104276.5480332949
1830,132096.83380194686
1831,152391.99331662964
1832,80794.24609474442
1833,145386.3127852686
1834,129482.12275228504
1835,120445.20900400648
1836,132302.83071423048
1837,81236.34029499652
1838,126063.36657339142
1839,110446.0704815958
1840,141603.02281222388
1841,138868.94145014783
1842,92758.56431179304
1843,124770.75607769215
1844,145732.25923825218
1845,141623.16782498462
1846,143269.5691749385
1847,167194.52751920614
1848,53714.490105585974
1849,100667.07125121921
1850,118077.8422398252
1851,154079.53029300744
1852,131773.85041599403
1853,134294.67345484954
1854,165545.48786068932
1855,138844.74112114814
1856,221344.1108707753
1857,131035.5420371048
1858,141380.79979259
1859,119741.4506102762
1860,132260.15246670303
1861,120200.52891183642
1862,313439.0684281023
1863,297994.14866686676
1864,298011.0355625679
1865,324177.49299075076
1866,317125.9151481656
1867,210204.94564342263
1868,298794.88406823645
1869,198795.4411479005
1870,217776.01841822683
1871,236388.06576893412
1872,167550.337078903
1873,242348.40253266224
1874,157370.5252237742
1875,207156.0443312774
1876,201663.48656739967
1877,215720.12680835134
1878,191634.53045753343
1879,132987.12685223148
1880,138502.24431063686
1881,239836.9893787314
1882,248598.7113181052
1883,190959.61105256193
1884,208121.26438307884
1885,239646.62544540473
1886,294336.395670946
1887,206167.0551862338
1888,250260.56481505703
1889,168213.04827216142
1890,118252.46384526706
1891,130350.87132729738
1892,98967.5089815438
1893,132326.84940426808
1894,125717.70966024698
1895,132321.14820940126
1896,124083.74280493309
1897,103571.75567146228
1898,118791.87511264284
1899,157897.87354331187
1900,155285.8389893527
1901,161279.84078935324
1902,163506.33708969087
1903,219763.52114244798
1904,146159.61856746228
1905,203173.78313139584
1906,151004.56188704463
1907,215788.46212151024
1908,110858.35681028523
1909,133122.63809484994
1910,118593.47991962924
1911,231830.69810280093
1912,356437.6447242528
1913,138293.553502444
1914,61958.25141103861
1915,326983.9562431047
1916,68411.99083058197
1917,248017.81732022762
1918,146760.36848315827
1919,160891.1869088898
1920,155047.12678448413
1921,400843.3974840699
1922,309719.75579801237
1923,244541.62073905702
1924,238331.72056496027
1925,203285.72713186804
1926,378057.53664279263
1927,131062.49901097326
1928,155010.880464959
1929,132758.63699268506
1930,132771.6258180145
1931,129619.43355652461
1932,133883.7551087922
1933,169956.39935512198
1934,183876.1002189309
1935,170571.8522349173
1936,198489.84741223144
1937,178917.14392681365
1938,164269.3813596808
1939,225432.59373907163
1940,171222.693191083
1941,170835.9908079073
1942,177377.57874577522
1943,197986.06742868252
1944,326920.6429811992
1945,355240.6236497346
1946,124089.78187685588
1947,286891.1925091876
1948,152072.94356158396
1949,230418.8317615968
1950,195449.53097923577
1951,254229.58451975303
1952,222972.78537659027
1953,157471.71236833167
1954,186618.28583371858
1955,139442.77413913465
1956,292707.10836632684
1957,149440.98396620175
1958,291978.5629585917
1959,142552.8538794717
1960,114036.85249668534
1961,125565.9376682456
1962,101563.79995909787
1963,110603.9433378633
1964,107803.85403163725
1965,146903.6102422098
1966,135155.1835048317
1967,297914.4909973856
1968,471811.2027611268
1969,388228.7065401917
1970,439150.1028565199
1971,470857.0802810334
1972,371410.0688981023
1973,264845.6379641866
1974,331854.58710574865
1975,571006.1809121375
1976,268260.68258808507
1977,377855.587227388
1978,371871.8706172698
1979,316411.6537741171
1980,204041.06208182193
1981,344240.20779018843
1982,220723.87288318615
1983,201330.96696504578
1984,175385.06866978752
1985,216586.3989065798
1986,200686.9592099103
1987,192402.5459463848
1988,172114.62350318694
1989,194538.96401970062
1990,211207.36058035752
1991,237293.396870817
1992,220545.6848697624
1993,165411.86839817857
1994,240409.83786346516
1995,188555.26005091844
1996,247754.45229539715
1997,283944.52885457757
1998,309565.855000118
1999,265610.6480121203
2000,307368.61791591364
2001,266460.52140670846
2002,239789.31271783676
2003,257502.35939433717
2004,293093.33615635947
2005,237309.75679782912
2006,222676.56657521692
2007,235727.35886893023
2008,221316.29168382328
2009,201244.67331816893
2010,189157.7782000978
2011,135203.25926436653
2012,173593.265331614
2013,176434.69541335615
2014,182447.3429316462
2015,205917.34375647025
2016,190790.970862277
2017,195116.88508001703
2018,117193.68354520739
2019,134108.1403755502
2020,104145.46010120491
2021,108336.74709562375
2022,178923.5236783913
2023,139239.18833875636
2024,271567.52131496073
2025,383878.37217510946
2026,176182.45622549564
2027,160721.38406149042
2028,156468.84984037853
2029,165164.71051269548
2030,268263.17293207545
2031,232943.2255470245
2032,241522.33860045206
2033,251384.86947977476
2034,167324.34674871483
2035,223268.11124835158
2036,197456.4945607975
2037,214880.3859127915
2038,344193.2528015035
2039,231518.59709992542
2040,305520.3835194472
2041,288463.10858161346
2042,210820.90047858085
2043,175174.84828660515
2044,159699.78484600756
2045,214703.06752391078
2046,157934.84689783328
2047,142258.95097738365
2048,144227.37639219424
2049,147938.08591318497
2050,180519.67307092372
2051,101231.56274889306
2052,115792.30827421289
2053,152683.7745911033
2054,102051.35456916211
2055,148708.78136642257
2056,145668.64133458736
2057,112261.05088960592
2058,213153.5520835874
2059,127168.54194549083
2060,171141.09432409305
2061,177219.11756890413
2062,133156.4698834279
2063,117117.08624850541
2064,131998.521286027
2065,112999.52941393775
2066,161051.68800215534
2067,117805.10098313328
2068,149361.18722032467
2069,87901.5428528225
2070,116590.29705972821
2071,108996.4921101124
2072,115969.54045283014
2073,122356.34943668835
2074,179498.65274995536
2075,154564.2181230793
2076,112577.92337231412
2077,161977.16012802772
2078,133361.15122887038
2079,129119.16297118436
2080,124769.24304637291
2081,129841.28287715695
2082,124106.73431759712
2083,144155.4587849005
2084,114356.7720068334
2085,121897.61311127662
2086,115010.47940544407
2087,124556.74554467897
2088,101831.23464335177
2089,90872.83802011776
2090,122832.16327563272
2091,102504.08273265848
2092,114982.0782516501
2093,103876.15960193248
2094,110077.67200749717
2095,130669.20407347541
2096,85770.23871962626
2097,106725.64230960971
2098,135937.88689222612
2099,57921.84102296164
2100,75164.34628186384
2101,105623.1326479149
2102,137551.57560747166
2103,108284.21759187165
2104,142228.1975724065
2105,135569.44879539654
2106,62417.934407148976
2107,204004.31639679946
2108,117645.59503191487
2109,112927.94889061288
2110,137414.3116756316
2111,140499.84970576968
2112,144677.36927030204
2113,126146.32140535963
2114,124565.94468833323
2115,164382.50785185784
2116,116358.62612063567
2117,148422.92262938723
2118,122628.64732023126
2119,126192.85580045724
2120,110768.5132506541
2121,110396.35295470149
2122,120213.41839304991
2123,91298.70044573711
2124,154807.89839129057
2125,124260.52905294893
2126,149634.07262750654
2127,147392.02553865063
2128,135769.83523799875
2129,89836.09637391224
2130,133682.3001562536
2131,137865.2824305812
2132,105146.78032820442
2133,126814.00196039815
2134,115922.7498038538
2135,102401.35260331167
2136,69772.58363854571
2137,107225.06747862557
2138,119393.67360566578
2139,145002.951483091
2140,141270.67344271997
2141,167149.61700837777
2142,130531.08839500562
2143,155317.0929270836
2144,118595.87693938916
2145,143167.6102637776
2146,158704.46477164776
2147,128833.99754920219
2148,128221.34971078437
2149,134841.752379934
2150,222100.21219081353
2151,128217.74062659954
2152,165218.70924606346
2153,149685.0404879995
2154,98770.60461968629
2155,150290.20195311902
2156,258133.04902940814
2157,229893.28036845895
2158,245916.90636018277
2159,212730.58526718407
2160,184713.0634897378
2161,222588.272060903
2162,369099.2921458774
2163,321302.64286252693
2164,244357.45869507932
2165,208568.88422628303
2166,163315.07644166163
2167,222506.7204063179
2168,191426.53569599972
2169,195969.64315935754
2170,218211.8710634825
2171,153762.52682229085
2172,122105.32861982887
2173,164560.5636549023
2174,229045.00197552986
2175,297627.92176741216
2176,315248.9624732823
2177,250243.73579152726
2178,210952.02500443696
2179,139641.72501150248
2180,209010.4671976793
2181,194666.54560159636
2182,217971.39452096733
2183,187730.09243210938
2184,115449.51562566061
2185,123799.50031409173
2186,141496.6168617034
2187,150824.0282862202
2188,152815.14248993777
2189,318598.54379177216
2190,77290.95466197284
2191,81291.23651879816
2192,85037.2356023523
2193,103597.31999378203
2194,100885.61445206753
2195,109787.55023681077
2196,106024.4392417223
2197,119531.23588949366
2198,162919.46536207214
2199,165255.4207486815
2200,151981.4605912738
2201,151054.1622931101
2202,223090.4440430544
2203,144016.86722219316
2204,189152.25316157858
2205,127625.50584369137
2206,128982.17403062725
2207,208898.53066777572
2208,269466.84434713813
2209,235790.07274166463
2210,120593.70123879652
2211,122121.51704449093
2212,136295.57907321857
2213,103663.34810229648
2214,123417.10188126132
2215,106316.41817881948
2216,159755.44380489146
2217,66589.8563284094
2218,75178.48588439183
2219,70302.37137376133
2220,64307.96762253749
2221,327806.00317939266
2222,281408.80353915604
2223,273699.9608701831
2224,192291.6524893163
2225,120806.7749778153
2226,189928.29356499654
2227,201518.48638068922
2228,263872.008780997
2229,264305.9171816088
2230,151596.31078944702
2231,209275.68464221174
2232,175853.03862470388
2233,170143.8425089636
2234,241876.9087299493
2235,231471.47361804548
2236,270867.6298175242
2237,316035.4092747991
2238,185470.26987857473
2239,108945.1833169629
2240,155129.17828841446
2241,150101.7442143818
2242,115666.7762438929
2243,128285.93085296241
2244,102355.74732616062
2245,94688.22228788598
2246,136077.57386074786
2247,110885.26868262929
2248,125905.49884255728
2249,122421.82327138561
2250,126184.82502125506
2251,106079.62606233286
2252,187287.40246135148
2253,151985.29567334492
2254,171377.63995825913
2255,187321.68100887045
2256,173493.14225616684
2257,219913.6598747427
2258,155229.54248427093
2259,177087.42002423995
2260,144430.99664641052
2261,185654.08268253924
2262,201498.12373293703
2263,340050.55885097594
2264,437082.49775466655
2265,168666.62094455358
2266,278274.7214689449
2267,375519.9682921164
2268,392076.6098618765
2269,150660.3785634897
2270,196765.48275828577
2271,219103.69491215688
2272,192149.4207029943
2273,160497.8399763605
2274,187609.1781245321
2275,153890.78332234113
2276,192939.95291665717
2277,185593.0518132927
2278,146212.2224763518
2279,130010.25496496857
2280,114152.45233303656
2281,156268.8811223084
2282,172545.5929299404
2283,113897.6105590004
2284,112221.61909560394
2285,145978.0131378603
2286,131258.38028444877
2287,370025.3387971001
2288,269992.86547918036
2289,387707.4656149217
2290,498135.91796486935
2291,335947.177400235
2292,419060.47504171816
2293,534096.4512039768
2294,425075.5438917024
2295,524366.3486951274
2296,312992.0661092524
2297,341640.05397161294
2298,328441.40818816057
2299,366481.6425561698
2300,342647.60430544283
2301,293986.4183078989
2302,246872.94615461148
2303,255000.03191720185
2304,257157.4320793262
2305,191159.62542379336
2306,182171.2496851986
2307,201077.77289282938
2308,212657.09765917255
2309,280427.5270985836
2310,214209.8965920307
2311,213916.56788503303
2312,175738.26728221102
2313,165415.39639393092
2314,179682.11104774172
2315,179351.11794429447
2316,197100.53062496288
2317,190769.83191801925
2318,185019.66176566447
2319,191122.23580197242
2320,190560.94727788641
2321,240213.5343074828
2322,187378.44491316605
2323,195171.1963000627
2324,177587.91031976455
2325,208067.7627446232
2326,170872.231056732
2327,204982.1723737505
2328,226550.21307336036
2329,191936.05408131704
2330,182902.86980957532
2331,338742.1641289876
2332,421019.55664075445
2333,322852.25282427476
2334,244837.8268339699
2335,263143.6154288045
2336,301835.7880746077
2337,216540.0030007517
2338,274138.32307962695
2339,229289.3046175541
2340,428604.40972064337
2341,223046.78590345505
2342,253536.42357091047
2343,236215.47746969163
2344,230337.826441474
2345,243220.1938265653
2346,216900.41560251472
2347,202493.810546221
2348,247398.08704417336
2349,182498.84961938762
2350,291357.69637219264
2351,254648.45521808672
2352,240979.5694169472
2353,235197.03795430379
2354,148622.45821316334
2355,149848.5341049073
2356,142648.27098869302
2357,192530.89915739666
2358,201074.4421041577
2359,136820.4236045289
2360,119869.5734363701
2361,143511.54223103306
2362,280533.7011193049
2363,139053.0145544368
2364,147344.74008004542
2365,214406.0795644785
2366,204120.03749263412
2367,235598.27627597365
2368,223157.77915750272
2369,226760.76622207498
2370,161091.1850524454
2371,162030.46865358183
2372,194876.00358391236
2373,273767.56227581936
2374,297467.82210087124
2375,247568.37510945235
2376,322097.25269002275
2377,406340.2757842934
2378,144433.95015262868
2379,218831.45336023642
2380,152343.2272992835
2381,167685.72736057098
2382,196757.78047170324
2383,203904.452299981
2384,254211.94581146268
2385,161673.55666290675
2386,142265.07188779212
2387,142163.18221638963
2388,93733.29206812708
2389,107713.82969805303
2390,138608.71101061392
2391,142013.50590705537
2392,121667.30633146696
2393,164276.9589004393
2394,141389.7990861883
2395,206371.0323817091
2396,146242.59788474944
2397,205627.02302346608
2398,122556.02173693721
2399,70722.97668202358
2400,70545.09332068694
2401,140778.4509534986
2402,133853.23372729382
2403,142809.4667017543
2404,149145.5492823366
2405,153993.7602303195
2406,147547.24588422294
2407,134643.6669518064
2408,142294.4755845466
2409,123086.92328471132
2410,168063.5248580198
2411,114076.70821647719
2412,158014.05599079246
2413,132913.15250495126
2414,146943.69739551278
2415,138418.9802556573
2416,128479.79856343103
2417,141901.3429599236
2418,141063.69438592467
2419,128451.48839107055
2420,117997.74547530014
2421,157240.1648074756
2422,106225.38161780573
2423,115421.50138576723
2424,155156.89773745756
2425,199533.1986924957
2426,119630.05218710583
2427,128306.56283598344
2428,183723.52526264574
2429,117069.41955851209
2430,141029.74419161535
2431,106912.51441847399
2432,149676.67848605872
2433,138371.4802700835
2434,141582.78011198202
2435,154700.08904022907
2436,116271.05626585837
2437,113402.48212352743
2438,125659.24893322724
2439,102001.27825213142
2440,122414.30787393081
2441,91642.92552334369
2442,105104.13214945483
2443,122560.51941849882
2444,123818.71101124903
2445,88086.89005783622
2446,125413.97511604655
2447,166572.97324298066
2448,117893.41322525637
2449,108943.9281564808
2450,155696.9678224877
2451,119646.75446541706
2452,184986.14663025457
2453,97354.4230131294
2454,109938.02157928563
2455,106059.46892513741
2456,141199.83102877103
2457,132673.22124073133
2458,127391.59909646228
2459,115649.67925905343
2460,135247.24597915448
2461,130805.12888166605
2462,134367.72916127162
2463,123983.32800465473
2464,181454.91516401595
2465,137927.46986166903
2466,118510.16848236739
2467,121980.14245568101
2468,81033.54088971177
2469,84262.30983932072
2470,193236.60946254843
2471,202492.88259241718
2472,157855.43607872553
2473,121537.37382947357
2474,75572.80101002156
2475,223480.93226523837
2476,122410.87060961539
2477,129675.34983540855
2478,151634.84285194412
2479,99929.71011711072
2480,147933.0530951143
2481,126850.05757371179
2482,122090.41435902704
2483,116060.3417547945
2484,122629.36624913849
2485,126373.31142331306
2486,155461.86404758328
2487,165099.45742426798
2488,157996.56190815291
2489,146158.98417543655
2490,142688.38810655999
2491,88909.35207213227
2492,180898.1084746501
2493,136040.59835641974
2494,133025.45540918878
2495,84489.21898124432
2496,227772.98642852216
2497,158614.90097265758
2498,113064.68720429241
2499,87461.19560075109
2500,132190.71721208104
2501,147996.6904362208
2502,137467.10128025987
2503,98298.12871662251
2504,180324.66147491473
2505,222068.76723021403
2506,244733.36467740507
2507,296664.5432286643
2508,242946.28401759613
2509,206240.09701247013
2510,212747.01810444595
2511,177006.525023235
2512,214241.46077113
2513,206365.50990971146
2514,272405.1748654596
2515,151817.78143890106
2516,169543.18121500054
2517,156852.5000722617
2518,165270.18684524976
2519,239347.7026473838
2520,226246.79304451417
2521,191327.6730561745
2522,229109.42160586728
2523,122208.12627795106
2524,130613.4412562677
2525,140502.85347365303
2526,136571.1506622086
2527,122011.63777940086
2528,128306.07562800273
2529,134848.72828385097
2530,120573.54943952571
2531,255499.23846197125
2532,228520.13713848285
2533,201382.32044155084
2534,237065.07693280114
2535,319055.60946376366
2536,222043.63922408942
2537,248181.32558350379
2538,190002.03762022464
2539,184923.81053138935
2540,182209.82091933602
2541,177008.29680612974
2542,162731.4090678921
2543,127442.88591658173
2544,120721.69058542192
2545,124601.53365917539
2546,126421.45071867661
2547,129555.49319372646
2548,160505.86690569363
2549,160215.48661180746
2550,1906364.1495898399
2551,143374.09250728114
2552,138302.82871604917
2553,76132.41695900785
2554,85478.34168330609
2555,123657.36170013555
2556,98807.1523039615
2557,109108.79044161474
2558,154714.30341162713
2559,143147.12966030985
2560,160242.51954073575
2561,162394.36573738756
2562,144245.25192800188
2563,159995.17660113785
2564,191299.6284673341
2565,130453.26844043557
2566,160483.8502800825
2567,140472.47110718966
2568,185942.56052752235
2569,203958.24213155633
2570,114681.62290065181
2571,193722.27059991655
2572,162232.85391817224
2573,222931.05228684412
2574,322925.1121331103
2575,127026.96108488832
2576,118353.78053288019
2577,132195.28238812377
2578,87345.684546101
2579,63006.91199347469
2580,84292.19361169712
2581,100682.6309598465
2582,110720.7286589754
2583,303991.21112223406
2584,168967.77207490057
2585,174062.13026776235
2586,213634.05736822617
2587,203071.38407206006
2588,150144.1376928375
2589,151722.85767363754
2590,211112.08565865684
2591,219650.1329461633
2592,228240.13081915956
2593,245328.08355156516
2594,184157.16737156303
2595,205462.23820363136
2596,294032.4375427819
2597,188813.74088092943
2598,301521.90264187
2599,322739.2292376836
2600,156059.9749159603
2601,144545.206343658
2602,84800.53030942625
2603,92342.4500228821
2604,92121.70455792021
2605,80991.60166568965
2606,134084.8848540953
2607,216129.45582845234
2608,166593.48912192407
2609,157059.67748935972
2610,109616.99009528397
2611,120406.76565594858
2612,150485.17053625616
2613,134805.84387220052
2614,127427.37994228111
2615,157627.4249431368
2616,136477.99661838933
2617,170685.58229501283
2618,189118.60768254907
2619,204447.31705238883
2620,189985.33212995483
2621,172561.45076385478
2622,179600.61585195758
2623,246807.3730113029
2624,291715.9700250843
2625,311301.62153934286
2626,162457.0278637458
2627,158672.38143625058
2628,457741.3003134381
2629,548545.3194110573
2630,362583.23139072116
2631,494405.563314324
2632,393787.758793229
2633,294342.5881914296
2634,372096.5623805224
2635,159032.967108155
2636,174784.4278207605
2637,189713.47194558568
2638,281533.9825442867
2639,186785.40420220155
2640,149411.5290676615
2641,103053.35467700208
2642,184147.59686865407
2643,110960.19305803666
2644,114539.3433604036
2645,116504.29123659838
2646,102788.65080791274
2647,111995.7215476368
2648,142650.92245143277
2649,154145.69116820808
2650,144519.39678699343
2651,136311.76061826866
2652,423742.0252168346
2653,238610.31904470423
2654,260872.06410364577
2655,395975.66323153145
2656,322970.3686497678
2657,375933.1595773173
2658,318701.9936915794
2659,320110.7335280353
2660,361795.4840376679
2661,369577.2698680288
2662,366109.98385179474
2663,288534.2060104525
2664,270208.81089732907
2665,318633.2781847744
2666,298058.8998600796
2667,169217.09442964385
2668,182135.47230292458
2669,187498.30753432366
2670,283290.4898614007
2671,193621.08914801406
2672,201063.73256373245
2673,207857.68649228345
2674,200367.8257527114
2675,183716.52147008237
2676,188256.28240110382
2677,204929.55986398266
2678,258988.72102167286
2679,255012.02044780113
2680,270063.376326479
2681,405443.5979805774
2682,320776.981058979
2683,568327.9163290611
2684,313280.5706263635
2685,334456.52058758447
2686,267212.3554317971
2687,311593.45957851165
2688,236203.6058695483
2689,209564.80651071534
2690,448172.18076564395
2691,186470.27198384714
2692,141449.98391822775
2693,206484.71349391405
2694,134132.67144308373
2695,197681.90077879414
2696,188081.3069171904
2697,190195.97509665464
2698,192893.294584465
2699,173043.0881349164
2700,152198.35207591738
2701,144259.9848683883
2702,105392.72933466786
2703,122607.90698150534
2704,133698.23656491525
2705,116827.81532447868
2706,110895.32303525753
2707,116926.6751007872
2708,132171.09324986002
2709,101060.49285168819
2710,126972.04771920487
2711,347070.27490416926
2712,375898.5870433029
2713,164630.13058477745
2714,148578.83588996288
2715,175782.13598157244
2716,151314.84827839304
2717,198422.58329771765
2718,220323.54759009447
2719,153926.78169521817
2720,164468.96550848227
2721,133477.71761335075
2722,157313.74818872634
2723,134755.67985305368
2724,133984.0549708504
2725,136624.846197978
2726,154238.99954285414
2727,173361.09642833614
2728,180988.31584778018
2729,144190.47479123177
2730,154773.1076204147
2731,136891.36715355772
2732,128101.31849957112
2733,155940.26877182585
2734,136105.06971591557
2735,141676.39441875168
2736,140386.2481835814
2737,121607.42876058957
2738,141642.9470203094
2739,154737.1029105483
2740,141668.0395836176
2741,145434.75650648668
2742,146693.1377671289
2743,157820.23841984902
2744,162223.34959754907
2745,145636.76890798894
2746,142620.0107087139
2747,139599.24675517282
2748,118423.20227499616
2749,120424.49660929765
2750,134906.02556231566
2751,134911.3736246439
2752,179959.64960899047
2753,138535.90350245958
2754,206979.2761234285
2755,136558.65188657874
2756,94627.59099309277
2757,64338.510003285366
2758,98714.15733105534
2759,151700.44905411455
2760,116299.69038000236
2761,145356.20889594805
2762,156043.6068183682
2763,175745.23066390594
2764,137638.0270467671
2765,313336.4974952175
2766,121399.3194229342
2767,86197.6041167997
2768,130819.84975243916
2769,132667.69676023006
2770,140697.00353348348
2771,108857.74812334219
2772,113500.69404885506
2773,166599.67802318337
2774,149743.6348556413
2775,106111.4188077276
2776,138227.70096748232
2777,141888.5909439711
2778,110080.5965657037
2779,113476.95999011023
2780,97386.61078914473
2781,104588.4607601845
2782,98000.64348699852
2783,97532.05828775841
2784,119049.65953410478
2785,123432.68358935014
2786,75151.93204047595
2787,123429.49235936675
2788,75775.65938069312
2789,180676.53283584752
2790,89880.44129262443
2791,108305.96035341157
2792,57327.70079582688
2793,162432.994256737
2794,94939.53515817394
2795,121222.27480369277
2796,102472.54541765124
2797,212621.8702084913
2798,93308.06299515758
2799,121785.95134872629
2800,68888.24467160975
2801,113160.33723613199
2802,121779.762948295
2803,178946.04183957985
2804,117782.12699912635
2805,96999.72289609881
2806,97537.78616364505
2807,174009.98864218066
2808,140522.0232107924
2809,130539.33772259795
2810,127874.79816879981
2811,154203.46884806882
2812,159391.69399960813
2813,168481.9092220408
2814,166829.3392732576
2815,85738.18411497041
2816,239175.48735227584
2817,147736.6703048518
2818,125896.4429423319
2819,166392.79112818182
2820,127044.34185839855
2821,101902.70492176073
2822,172228.8941350049
2823,387829.36273510876
2824,181309.75247938672
2825,132604.00352134334
2826,134816.48324793097
2827,139283.36462699834
2828,219988.91602378833
2829,198320.27530355976
2830,241363.6990961077
2831,168239.14457262986
2832,263621.72543964966
2833,292705.8418528155
2834,233242.1380257238
2835,222648.72802629182
2836,191676.76498219674
2837,151374.38959348467
2838,146046.27714016844
2839,166688.07597646053
2840,215097.44434145314
2841,206093.75330294948
2842,229900.38093959275
2843,156004.72537318573
2844,161554.24265075222
2845,136521.08822914006
2846,213279.62443719278
2847,212133.81405222614
2848,215171.38292873837
2849,205780.3954729643
2850,277306.0111447596
2851,211590.58057032613
2852,229684.56548691378
2853,234279.3540025603
2854,138957.3286582294
2855,207176.53816140236
2856,209905.2195481661
2857,188538.20394335376
2858,214070.59220260647
2859,109208.88932611543
2860,132304.97676604506
2861,123410.0679677386
2862,183546.31383040515
2863,134641.16689318788
2864,266688.0070476283
2865,151402.965162246
2866,141602.29633113582
2867,105623.41924932328
2868,100448.0163605327
2869,92491.2514762583
2870,110504.08101347464
2871,76636.24795877024
2872,58853.9785416808
2873,97014.09001133274
2874,141530.37722855384
2875,111200.85985964732
2876,166917.7698844684
2877,155401.33537687338
2878,160268.58257736938
2879,135720.88044792612
2880,110772.42886750207
2881,140213.0760154788
2882,173827.4251418578
2883,198445.9842038833
2884,175960.01859071097
2885,174436.6718839071
2886,235872.26334113936
2887,97397.74628724935
2888,135510.91480642292
2889,62816.63440168696
2890,86314.27731744717
2891,143652.362693535
2892,42900.02188917381
2893,66633.87598781052
2894,54088.29365973406
2895,346323.5290634281
2896,297347.15719936544
2897,202033.2771872354
2898,153890.46044396187
2899,208857.5602200589
2900,160691.09282397802
2901,199003.72440681804
2902,186180.43656817148
2903,325508.7440865443
2904,357844.70395804784
2905,76278.74000061801
2906,184410.86545488483
2907,109284.16193694674
2908,136347.02205558858
2909,147918.6907735503
2910,77217.96884296859
2911,85012.19864961303
2912,143374.297462053
2913,78143.63007656971
2914,76220.38701108599
2915,83760.3645990884
2916,82595.6261490621
2917,167888.0285494818
2918,112746.2401242025
2919,212770.34213656993
